  dim 61 61 60
  putbox 19 20 0 41 0 21 0.0 1.0 0.0 1.0
  putbox 19 20 1 2 1 20 1.0 1.0 1.0 1.0
  putbox 19 20 1 40 1 2 1.0 1.0 1.0 1.0
  putbox 19 20 39 40 1 20 1.0 1.0 1.0 1.0
  putbox 19 20 1 40 19 20 1.0 1.0 1.0 1.0
  putbox 19 20 20 21 1 20 1.0 1.0 1.0 1.0
  putvoxel 19 17 10 1.0 1.0 1.0 1.0
  putvoxel 19 18 11 1.0 1.0 1.0 1.0
  putvoxel 19 19 12 1.0 1.0 1.0 1.0
  putvoxel 19 18 9 1.0 1.0 1.0 1.0
  putvoxel 19 19 8 1.0 1.0 1.0 1.0
  putvoxel 19 23 10 1.0 1.0 1.0 1.0
  putvoxel 19 22 11 1.0 1.0 1.0 1.0
  putvoxel 19 21 12 1.0 1.0 1.0 1.0
  putvoxel 19 22 9 1.0 1.0 1.0 1.0
  putvoxel 19 21 8 1.0 1.0 1.0 1.0
  putbox 19 20 1 5 5 6 1.0 1.0 1.0 1.0
  putbox 19 20 1 5 15 16 1.0 1.0 1.0 1.0
  putbox 19 20 5 6 5 16 1.0 1.0 1.0 1.0
  putbox 19 20 35 40 5 6 1.0 1.0 1.0 1.0
  putbox 19 20 35 40 15 16 1.0 1.0 1.0 1.0
  putbox 19 20 35 36 5 16 1.0 1.0 1.0 1.0
  putbox 19 23 1 2 6 7 1.0 1.0 1.0 1.0
  putbox 19 23 1 2 13 14 1.0 1.0 1.0 1.0
  putbox 23 24 1 2 6 14 1.0 1.0 1.0 1.0
  putbox 19 23 39 40 7 8 1.0 1.0 1.0 1.0
  putbox 19 23 39 40 13 14 1.0 1.0 1.0 1.0 
  putbox 23 24 39 40 7 14 1.0 1.0 1.0 1.0 
  putbox 20 21 18 21 5 6 0.0 0.0 0.0 1.0
  putbox 21 23 18 21 5 6 0.9 0.8 0.7 1.0
  cutvoxel 20 19 5
  cutvoxel 22 19 5 
  cutvoxel 21 19 5
  putbox 23 25 17 22 5 6 0.0 0.0 1.0 1.0
  putbox 25 28 17 22 5 6 1.0 1.0 0.0 1.0
  putbox 28 29 19 20 5 6 0.9 0.8 0.7 1.0
  putbox 29 32 17 22 4 7 0.9 0.8 0.7 1.0
  putvoxel 30 18 6 0.0 0.0 0.0 1.0
  putvoxel 30 20 6 0.0 0.0 0.0 1.0
  putbox 32 33 17 22 4 7 0.0 0.0 0.0 1.0
  putbox 27 28 16 17 5 6 1.0 1.0 0.0 1.0
  putbox 27 28 22 23 5 6 1.0 1.0 0.0 1.0
  putbox 28 32 16 17 5 6 0.9 0.8 0.7 1.0
  putbox 28 32 22 23 5 6 0.9 0.8 0.7 1.0
  putvoxel 20 20 7 1.0 1.0 1.0 1.0
